#usda 1.0
(
    defaultPrim = "World"
    endTimeCode = 109
    metersPerUnit = 1
    startTimeCode = 0
    timeCodesPerSecond = 5.001000964287738
    upAxis = "Y"
)

def Xform "World"
{
    def Scope "W2D"
    {
        def Scope "Sensors"
        {
            def Scope "CameraPoses"
            {
                def Scope "Frames"
                {
                    def Scope "f_000000"
                    {
                        custom int w2d:frameIndex = 0
                        custom string w2d:poseConvention = "world_to_camera"
                        custom string w2d:producedByRunId = "20260208T112735Z"
                        custom matrix3d w2d:rotationMatrix = ( (-0.18169423937797546, -0.2085718810558319, -0.9611676335334778), (-0.07132583856582642, -0.9717534780502319, 0.22446565330028534), (-0.9805213809013367, 0.10903197526931763, 0.16236059367656708) )
                        custom double w2d:timestampSec = 0
                        custom float3 w2d:translation = (0.8413051, -0.38117293, -0.13758339)
                    }

                    def Scope "f_000001"
                    {
                        custom int w2d:frameIndex = 1
                        custom string w2d:poseConvention = "world_to_camera"
                        custom string w2d:producedByRunId = "20260208T112735Z"
                        custom matrix3d w2d:rotationMatrix = ( (-0.1667521595954895, -0.20854143798351288, -0.9636815786361694), (-0.0802578553557396, -0.9713323712348938, 0.22408492863178253), (-0.9823681116104126, 0.11443157494068146, 0.14596083760261536) )
                        custom double w2d:timestampSec = 0.1999599694423224
                        custom float3 w2d:translation = (0.7790507, -0.35307965, -0.064630814)
                    }

                    def Scope "f_000002"
                    {
                        custom int w2d:frameIndex = 2
                        custom string w2d:poseConvention = "world_to_camera"
                        custom string w2d:producedByRunId = "20260208T112735Z"
                        custom matrix3d w2d:rotationMatrix = ( (-0.14621059596538544, -0.20812514424324036, -0.9670943021774292), (-0.10231244564056396, -0.9696787595748901, 0.22406208515167236), (-0.9836860299110413, 0.13142205774784088, 0.12118423730134964) )
                        custom double w2d:timestampSec = 0.3999199388846448
                        custom float3 w2d:translation = (0.6854436, -0.3012046, 0.041879173)
                    }

                    def Scope "f_000003"
                    {
                        custom int w2d:frameIndex = 3
                        custom string w2d:poseConvention = "world_to_camera"
                        custom string w2d:producedByRunId = "20260208T112735Z"
                        custom matrix3d w2d:rotationMatrix = ( (-0.11618386209011078, -0.19829407334327698, -0.9734293818473816), (-0.11401404440402985, -0.9709113240242004, 0.21143019199371338), (-0.9864962100982666, 0.13522811233997345, 0.09093362838029861) )
                        custom double w2d:timestampSec = 0.5998799083269671
                        custom float3 w2d:translation = (0.57954377, -0.2487344, 0.15211783)
                    }

                    def Scope "f_000004"
                    {
                        custom int w2d:frameIndex = 4
                        custom string w2d:poseConvention = "world_to_camera"
                        custom string w2d:producedByRunId = "20260208T112735Z"
                        custom matrix3d w2d:rotationMatrix = ( (-0.07404109835624695, -0.18285904824733734, -0.9804351329803467), (-0.1215239018201828, -0.9739040732383728, 0.19088968634605408), (-0.9896769523620605, 0.1329643726348877, 0.050652533769607544) )
                        custom double w2d:timestampSec = 0.7998398777692896
                        custom float3 w2d:translation = (0.46157262, -0.2046342, 0.24714348)
                    }

                    def Scope "f_000005"
                    {
                        custom int w2d:frameIndex = 5
                        custom string w2d:poseConvention = "world_to_camera"
                        custom string w2d:producedByRunId = "20260208T112735Z"
                        custom matrix3d w2d:rotationMatrix = ( (-0.021801801398396492, -0.16393086314201355, -0.9864794015884399), (-0.1303248405456543, -0.9778253436088562, 0.16541603207588196), (-0.9911323189735413, 0.13182392716407776, 0.0007438212633132935) )
                        custom double w2d:timestampSec = 0.999799847211612
                        custom float3 w2d:translation = (0.31942657, -0.16643324, 0.30749482)
                    }

                    def Scope "f_000006"
                    {
                        custom int w2d:frameIndex = 6
                        custom string w2d:poseConvention = "world_to_camera"
                        custom string w2d:producedByRunId = "20260208T112735Z"
                        custom matrix3d w2d:rotationMatrix = ( (0.024394063279032707, -0.14694099128246307, -0.9888444542884827), (-0.13844282925128937, -0.9801046848297119, 0.14222697913646698), (-0.9900700449943542, 0.1334289163351059, -0.04425165057182312) )
                        custom double w2d:timestampSec = 1.1997598166539343
                        custom float3 w2d:translation = (0.16674265, -0.11540273, 0.34873706)
                    }

                    def Scope "f_000007"
                    {
                        custom int w2d:frameIndex = 7
                        custom string w2d:poseConvention = "world_to_camera"
                        custom string w2d:producedByRunId = "20260208T112735Z"
                        custom matrix3d w2d:rotationMatrix = ( (0.06643771380186081, -0.13354657590389252, -0.9887604117393494), (-0.14352695643901825, -0.981943666934967, 0.12292246520519257), (-0.987498939037323, 0.13378699123859406, -0.0844046026468277) )
                        custom double w2d:timestampSec = 1.3997197860962567
                        custom float3 w2d:translation = (0.035127815, -0.06049476, 0.37686282)
                    }

                    def Scope "f_000008"
                    {
                        custom int w2d:frameIndex = 8
                        custom string w2d:poseConvention = "world_to_camera"
                        custom string w2d:producedByRunId = "20260208T112735Z"
                        custom matrix3d w2d:rotationMatrix = ( (0.12031148374080658, -0.08833897113800049, -0.9888520836830139), (-0.14990761876106262, -0.9862598180770874, 0.06982539594173431), (-0.9812741875648499, 0.13984555006027222, -0.13185939192771912) )
                        custom double w2d:timestampSec = 1.599679755538579
                        custom float3 w2d:translation = (-0.088776864, -0.03676262, 0.40496647)
                    }

                    def Scope "f_000009"
                    {
                        custom int w2d:frameIndex = 9
                        custom string w2d:poseConvention = "world_to_camera"
                        custom string w2d:producedByRunId = "20260208T112735Z"
                        custom matrix3d w2d:rotationMatrix = ( (0.20316526293754578, -0.04356307163834572, -0.978124737739563), (-0.16830290853977203, -0.9854413270950317, 0.008792445063591003), (-0.9643911123275757, 0.16263145208358765, -0.20761632919311523) )
                        custom double w2d:timestampSec = 1.7996397249809015
                        custom float3 w2d:translation = (-0.20891212, -0.025541777, 0.42945564)
                    }

                    def Scope "f_000010"
                    {
                        custom int w2d:frameIndex = 10
                        custom string w2d:poseConvention = "world_to_camera"
                        custom string w2d:producedByRunId = "20260208T112735Z"
                        custom matrix3d w2d:rotationMatrix = ( (0.3047514855861664, -0.006099209189414978, -0.9526551365852356), (-0.2068655639886856, -0.9761138558387756, -0.060072317719459534), (-0.9297484159469604, 0.2150287926197052, -0.2989232838153839) )
                        custom double w2d:timestampSec = 1.999599694423224
                        custom float3 w2d:translation = (-0.3477029, -0.001502808, 0.45785886)
                    }

                    def Scope "f_000011"
                    {
                        custom int w2d:frameIndex = 11
                        custom string w2d:poseConvention = "world_to_camera"
                        custom string w2d:producedByRunId = "20260208T112735Z"
                        custom matrix3d w2d:rotationMatrix = ( (0.4005081057548523, -0.00034312903881073, -0.9163609147071838), (-0.23468303680419922, -0.9664910435676575, -0.10232973098754883), (-0.885812520980835, 0.25596335530281067, -0.38722094893455505) )
                        custom double w2d:timestampSec = 2.1995596638655464
                        custom float3 w2d:translation = (-0.48850706, 0.019234713, 0.4885609)
                    }

                    def Scope "f_000012"
                    {
                        custom int w2d:frameIndex = 12
                        custom string w2d:poseConvention = "world_to_camera"
                        custom string w2d:producedByRunId = "20260208T112735Z"
                        custom matrix3d w2d:rotationMatrix = ( (0.48877546191215515, 0.027745425701141357, -0.8720496296882629), (-0.24515734612941742, -0.9547296762466431, -0.16810885071754456), (-0.8368445038795471, 0.29580962657928467, -0.46027255058288574) )
                        custom double w2d:timestampSec = 2.3995196333078685
                        custom float3 w2d:translation = (-0.63002026, 0.023280382, 0.48873353)
                    }

                    def Scope "f_000013"
                    {
                        custom int w2d:frameIndex = 13
                        custom string w2d:poseConvention = "world_to_camera"
                        custom string w2d:producedByRunId = "20260208T112735Z"
                        custom matrix3d w2d:rotationMatrix = ( (0.5508628487586975, 0.03826101869344711, -0.8339617848396301), (-0.2491031289100647, -0.9457001090049744, -0.2082047164440155), (-0.7962732315063477, 0.32225167751312256, -0.5117506980895996) )
                        custom double w2d:timestampSec = 2.599479602750191
                        custom float3 w2d:translation = (-0.7464237, 0.025950762, 0.46542424)
                    }

                    def Scope "f_000014"
                    {
                        custom int w2d:frameIndex = 14
                        custom string w2d:poseConvention = "world_to_camera"
                        custom string w2d:producedByRunId = "20260208T112735Z"
                        custom matrix3d w2d:rotationMatrix = ( (0.592893123626709, 0.038248706609010696, -0.8047435879707336), (-0.26552072167396545, -0.9337392449378967, -0.24016636610031128), (-0.7597756385803223, 0.35610413551330566, -0.5435317158699036) )
                        custom double w2d:timestampSec = 2.7994395721925134
                        custom float3 w2d:translation = (-0.8388985, 0.026702214, 0.42985308)
                    }

                    def Scope "f_000015"
                    {
                        custom int w2d:frameIndex = 15
                        custom string w2d:poseConvention = "world_to_camera"
                        custom string w2d:producedByRunId = "20260208T112735Z"
                        custom matrix3d w2d:rotationMatrix = ( (0.6318078637123108, 0.036298349499702454, -0.7747052311897278), (-0.26924556493759155, -0.9262396693229675, -0.2632713317871094), (-0.7267817258834839, 0.37474337220191956, -0.575659990310669) )
                        custom double w2d:timestampSec = 2.999399541634836
                        custom float3 w2d:translation = (-0.9159154, 0.014870653, 0.39711154)
                    }

                    def Scope "f_000016"
                    {
                        custom int w2d:frameIndex = 16
                        custom string w2d:poseConvention = "world_to_camera"
                        custom string w2d:producedByRunId = "20260208T112735Z"
                        custom matrix3d w2d:rotationMatrix = ( (0.6648111939430237, 0.02952210232615471, -0.7470581531524658), (-0.26648736000061035, -0.9240072965621948, -0.27388831973075867), (-0.6976091861724854, 0.3810000419616699, -0.606536328792572) )
                        custom double w2d:timestampSec = 3.199359511077158
                        custom float3 w2d:translation = (-0.97556657, -0.008956937, 0.36654305)
                    }

                    def Scope "f_000017"
                    {
                        custom int w2d:frameIndex = 17
                        custom string w2d:poseConvention = "world_to_camera"
                        custom string w2d:producedByRunId = "20260208T112735Z"
                        custom matrix3d w2d:rotationMatrix = ( (0.6875609159469604, 0.0019774287939071655, -0.7260780930519104), (-0.2695091664791107, -0.9276567697525024, -0.2581140100955963), (-0.6732770800590515, 0.3731924891471863, -0.6373536586761475) )
                        custom double w2d:timestampSec = 3.3993194805194804
                        custom float3 w2d:translation = (-0.99927545, -0.012839026, 0.33938935)
                    }

                    def Scope "f_000018"
                    {
                        custom int w2d:frameIndex = 18
                        custom string w2d:poseConvention = "world_to_camera"
                        custom string w2d:producedByRunId = "20260208T112735Z"
                        custom matrix3d w2d:rotationMatrix = ( (0.6983235478401184, -0.05682364106178284, -0.7141008973121643), (-0.2822670340538025, -0.9377748370170593, -0.20172934234142303), (-0.6572754979133606, 0.3422815799713135, -0.6711230874061584) )
                        custom double w2d:timestampSec = 3.599279449961803
                        custom float3 w2d:translation = (-0.9737559, 0.023427593, 0.31789884)
                    }

                    def Scope "f_000019"
                    {
                        custom int w2d:frameIndex = 19
                        custom string w2d:poseConvention = "world_to_camera"
                        custom string w2d:producedByRunId = "20260208T112735Z"
                        custom matrix3d w2d:rotationMatrix = ( (0.703983724117279, -0.09748886525630951, -0.7037256956100464), (-0.2860507667064667, -0.9456697702407837, -0.1552467793226242), (-0.6506575345993042, 0.31020864844322205, -0.6931489706039429) )
                        custom double w2d:timestampSec = 3.7992394194041252
                        custom float3 w2d:translation = (-0.9107507, 0.07762413, 0.3040124)
                    }

                    def Scope "f_000020"
                    {
                        custom int w2d:frameIndex = 20
                        custom string w2d:poseConvention = "world_to_camera"
                        custom string w2d:producedByRunId = "20260208T112735Z"
                        custom matrix3d w2d:rotationMatrix = ( (0.7110228538513184, -0.11136698722839355, -0.6945950984954834), (-0.2753746211528778, -0.952936053276062, -0.12902632355690002), (-0.6481165885925293, 0.2826448380947113, -0.707675576210022) )
                        custom double w2d:timestampSec = 3.999199388846448
                        custom float3 w2d:translation = (-0.84521705, 0.11398218, 0.3030124)
                    }

                    def Scope "f_000021"
                    {
                        custom int w2d:frameIndex = 21
                        custom string w2d:poseConvention = "world_to_camera"
                        custom string w2d:producedByRunId = "20260208T112735Z"
                        custom matrix3d w2d:rotationMatrix = ( (0.7081373333930969, -0.14325760304927826, -0.6916016936302185), (-0.2765473425388336, -0.9574846625328064, -0.08470360189676285), (-0.650724470615387, 0.25093477964401245, -0.7170974016189575) )
                        custom double w2d:timestampSec = 4.19915935828877
                        custom float3 w2d:translation = (-0.7657945, 0.14308497, 0.32340816)
                    }

                    def Scope "f_000022"
                    {
                        custom int w2d:frameIndex = 22
                        custom string w2d:poseConvention = "world_to_camera"
                        custom string w2d:producedByRunId = "20260208T112735Z"
                        custom matrix3d w2d:rotationMatrix = ( (0.6994361281394958, -0.18859124183654785, -0.6897319555282593), (-0.2835843861103058, -0.9585334062576294, -0.0253472700715065), (-0.6568604111671448, 0.21293790638446808, -0.7234490513801575) )
                        custom double w2d:timestampSec = 4.399119327731093
                        custom float3 w2d:translation = (-0.6575058, 0.18851736, 0.35548052)
                    }

                    def Scope "f_000023"
                    {
                        custom int w2d:frameIndex = 23
                        custom string w2d:poseConvention = "world_to_camera"
                        custom string w2d:producedByRunId = "20260208T112735Z"
                        custom matrix3d w2d:rotationMatrix = ( (0.6742692589759827, -0.21375824511051178, -0.7071520090103149), (-0.279193252325058, -0.9597796201705933, 0.023784726858139038), (-0.684003472328186, 0.18119896948337555, -0.7066161632537842) )
                        custom double w2d:timestampSec = 4.599079297173415
                        custom float3 w2d:translation = (-0.5414033, 0.20942162, 0.3938331)
                    }

                    def Scope "f_000024"
                    {
                        custom int w2d:frameIndex = 24
                        custom string w2d:poseConvention = "world_to_camera"
                        custom string w2d:producedByRunId = "20260208T112735Z"
                        custom matrix3d w2d:rotationMatrix = ( (0.6333615183830261, -0.22216221690177917, -0.7414869070053101), (-0.26531651616096497, -0.9620716571807861, 0.061655402183532715), (-0.7272955775260925, 0.15738096833229065, -0.6680221557617188) )
                        custom double w2d:timestampSec = 4.799039266615737
                        custom float3 w2d:translation = (-0.4411936, 0.21228468, 0.42460325)
                    }

                    def Scope "f_000025"
                    {
                        custom int w2d:frameIndex = 25
                        custom string w2d:poseConvention = "world_to_camera"
                        custom string w2d:producedByRunId = "20260208T112735Z"
                        custom matrix3d w2d:rotationMatrix = ( (0.5805245637893677, -0.2339179962873459, -0.780126690864563), (-0.25594061613082886, -0.9617403149604797, 0.097868911921978), (-0.7731986045837402, 0.1426018476486206, -0.6177736520767212) )
                        custom double w2d:timestampSec = 4.99899923605806
                        custom float3 w2d:translation = (-0.36070338, 0.20412253, 0.44430655)
                    }

                    def Scope "f_000026"
                    {
                        custom int w2d:frameIndex = 26
                        custom string w2d:poseConvention = "world_to_camera"
                        custom string w2d:producedByRunId = "20260208T112735Z"
                        custom matrix3d w2d:rotationMatrix = ( (0.5111017823219299, -0.25097063183784485, -0.8224406838417053), (-0.25416237115859985, -0.9579176902770996, 0.13437853753566742), (-0.8216341733932495, 0.14006160199642181, -0.5527874231338501) )
                        custom double w2d:timestampSec = 5.198959205500382
                        custom float3 w2d:translation = (-0.27476168, 0.18617818, 0.45024732)
                    }

                    def Scope "f_000027"
                    {
                        custom int w2d:frameIndex = 27
                        custom string w2d:poseConvention = "world_to_camera"
                        custom string w2d:producedByRunId = "20260208T112735Z"
                        custom matrix3d w2d:rotationMatrix = ( (0.4283515095973094, -0.2734382921973918, -0.8605420530393366), (-0.22083738354783455, -0.955771571982433, 0.19368333735384627), (-0.876048178546627, 0.10725416689945935, -0.46961133157367907) )
                        custom double w2d:timestampSec = 5.398919174942704
                        custom float3 w2d:translation = (-0.17823108, 0.15652582, 0.43042406)
                    }

                    def Scope "f_000028"
                    {
                        custom int w2d:frameIndex = 28
                        custom string w2d:poseConvention = "world_to_camera"
                        custom string w2d:producedByRunId = "20260208T112735Z"
                        custom matrix3d w2d:rotationMatrix = ( (0.3567617665986416, -0.27294615453066523, -0.892903845515282), (-0.1858107348598435, -0.9579076944819872, 0.21840789662452392), (-0.9156382283910579, 0.08810216917801172, -0.3921260960756) )
                        custom double w2d:timestampSec = 5.598879144385027
                        custom float3 w2d:translation = (-0.08320583, 0.10715324, 0.3960958)
                    }

                    def Scope "f_000029"
                    {
                        custom int w2d:frameIndex = 29
                        custom string w2d:poseConvention = "world_to_camera"
                        custom string w2d:producedByRunId = "20260208T112735Z"
                        custom matrix3d w2d:rotationMatrix = ( (0.28932005240312747, -0.262289619968811, -0.919977086830154), (-0.16003948691868924, -0.9613464989635172, 0.2236328111292498), (-0.9433235326596324, 0.08270832406826419, -0.32017032536096496) )
                        custom double w2d:timestampSec = 5.798839113827349
                        custom float3 w2d:translation = (0.0060649663, 0.055856865, 0.36028227)
                    }

                    def Scope "f_000030"
                    {
                        custom int w2d:frameIndex = 30
                        custom string w2d:poseConvention = "world_to_camera"
                        custom string w2d:producedByRunId = "20260208T112735Z"
                        custom matrix3d w2d:rotationMatrix = ( (0.22972525002789965, -0.25733227904527517, -0.9376605128009425), (-0.14633280859825754, -0.9626288601945355, 0.22794042047161026), (-0.9612998935543887, 0.08508890835085722, -0.2589652889372843) )
                        custom double w2d:timestampSec = 5.998799083269672
                        custom float3 w2d:translation = (0.08705326, 0.02976911, 0.3449033)
                    }

                    def Scope "f_000031"
                    {
                        custom int w2d:frameIndex = 31
                        custom string w2d:poseConvention = "world_to_camera"
                        custom string w2d:producedByRunId = "20260208T112735Z"
                        custom matrix3d w2d:rotationMatrix = ( (0.18880492305644067, -0.26200744184311897, -0.9454385946737329), (-0.1367495616416462, -0.9614042808726899, 0.23872774072745884), (-0.9715616391847229, 0.08445848458627356, -0.21751904732284083) )
                        custom double w2d:timestampSec = 6.198759052711994
                        custom float3 w2d:translation = (0.15050972, 0.009925069, 0.34805682)
                    }

                    def Scope "f_000032"
                    {
                        custom int w2d:frameIndex = 32
                        custom string w2d:poseConvention = "world_to_camera"
                        custom string w2d:producedByRunId = "20260208T112735Z"
                        custom matrix3d w2d:rotationMatrix = ( (0.16648683381378176, -0.26288619413216374, -0.9496331303376753), (-0.13114809399820185, -0.9609862457110918, 0.2428739252205083), (-0.9768286260361798, 0.0843007022519571, -0.1946274851705234) )
                        custom double w2d:timestampSec = 6.398719022154316
                        custom float3 w2d:translation = (0.20401719, -0.013577745, 0.35705373)
                    }

                    def Scope "f_000033"
                    {
                        custom int w2d:frameIndex = 33
                        custom string w2d:poseConvention = "world_to_camera"
                        custom string w2d:producedByRunId = "20260208T112735Z"
                        custom matrix3d w2d:rotationMatrix = ( (0.15447526128303493, -0.26365867462015075, -0.9514937519674029), (-0.13401866808585508, -0.9606314524814153, 0.24419897962378648), (-0.9788248622073084, 0.0900231881561522, -0.18355025953948848) )
                        custom double w2d:timestampSec = 6.598678991596639
                        custom float3 w2d:translation = (0.25856158, -0.03805258, 0.36192843)
                    }

                    def Scope "f_000034"
                    {
                        custom int w2d:frameIndex = 34
                        custom string w2d:poseConvention = "world_to_camera"
                        custom string w2d:producedByRunId = "20260208T112735Z"
                        custom matrix3d w2d:rotationMatrix = ( (0.14860983842545478, -0.2552817944673241, -0.9549829451637312), (-0.13296524975116775, -0.9625538636640728, 0.23659565440881747), (-0.9798346621627346, 0.0920080985049118, -0.17689220132358074) )
                        custom double w2d:timestampSec = 6.798638961038961
                        custom float3 w2d:translation = (0.32355377, -0.081090815, 0.36727235)
                    }

                    def Scope "f_000035"
                    {
                        custom int w2d:frameIndex = 35
                        custom string w2d:poseConvention = "world_to_camera"
                        custom string w2d:producedByRunId = "20260208T112735Z"
                        custom matrix3d w2d:rotationMatrix = ( (0.1453745501209723, -0.2432697167008918, -0.9584849389786593), (-0.13027600071520318, -0.9653262508573448, 0.22525313810414774), (-0.9804836988958417, 0.09226092469556049, -0.17196061076072688) )
                        custom double w2d:timestampSec = 6.9985989304812835
                        custom float3 w2d:translation = (0.39637232, -0.12985602, 0.3760973)
                    }

                    def Scope "f_000036"
                    {
                        custom int w2d:frameIndex = 36
                        custom string w2d:poseConvention = "world_to_camera"
                        custom string w2d:producedByRunId = "20260208T112735Z"
                        custom matrix3d w2d:rotationMatrix = ( (0.1477526979437354, -0.23150642307518446, -0.9608162528606322), (-0.12763282542709928, -0.9682237639552094, 0.21374375155451059), (-0.9806426399499909, 0.0912371947798417, -0.17248448659758994) )
                        custom double w2d:timestampSec = 7.198558899923606
                        custom float3 w2d:translation = (0.46482545, -0.1817978, 0.3853155)
                    }

                    def Scope "f_000037"
                    {
                        custom int w2d:frameIndex = 37
                        custom string w2d:poseConvention = "world_to_camera"
                        custom string w2d:producedByRunId = "20260208T112735Z"
                        custom matrix3d w2d:rotationMatrix = ( (0.15262412929687222, -0.17710979988781358, -0.9715924498051481), (-0.1184747627536515, -0.9798424530776573, 0.15996794917473753), (-0.9811660550946171, 0.09086369567196415, -0.17039574175989505) )
                        custom double w2d:timestampSec = 7.398518869365929
                        custom float3 w2d:translation = (0.50459296, -0.23496056, 0.39443386)
                    }

                    def Scope "f_000038"
                    {
                        custom int w2d:frameIndex = 38
                        custom string w2d:poseConvention = "world_to_camera"
                        custom string w2d:producedByRunId = "20260208T112735Z"
                        custom matrix3d w2d:rotationMatrix = ( (0.1503251849745294, -0.12682514263331932, -0.9798005227907224), (-0.10810984813968771, -0.9874295220249849, 0.11123740926916852), (-0.9827213981551178, 0.08923804507452776, -0.16197430237982288) )
                        custom double w2d:timestampSec = 7.5984788388082505
                        custom float3 w2d:translation = (0.5251119, -0.26718163, 0.4056692)
                    }

                    def Scope "f_000039"
                    {
                        custom int w2d:frameIndex = 39
                        custom string w2d:poseConvention = "world_to_camera"
                        custom string w2d:producedByRunId = "20260208T112735Z"
                        custom matrix3d w2d:rotationMatrix = ( (0.14788319110293868, -0.10630450719009797, -0.9827038029318989), (-0.10415524165232064, -0.9900579604843427, 0.09138980458292112), (-0.9835098967948867, 0.08885132835559721, -0.1574041878623282) )
                        custom double w2d:timestampSec = 7.798438808250573
                        custom float3 w2d:translation = (0.53503436, -0.28266922, 0.41974628)
                    }

                    def Scope "f_000040"
                    {
                        custom int w2d:frameIndex = 40
                        custom string w2d:poseConvention = "world_to_camera"
                        custom string w2d:producedByRunId = "20260208T112735Z"
                        custom matrix3d w2d:rotationMatrix = ( (0.14344742701208887, -0.09531906407186885, -0.9845747796518336), (-0.10141670365947567, -0.9912727516847973, 0.08118817942630725), (-0.984370081322084, 0.088235061934538, -0.15169240362165246) )
                        custom double w2d:timestampSec = 7.998398777692896
                        custom float3 w2d:translation = (0.53719, -0.29121017, 0.42825064)
                    }

                    def Scope "f_000041"
                    {
                        custom int w2d:frameIndex = 41
                        custom string w2d:poseConvention = "world_to_camera"
                        custom string w2d:producedByRunId = "20260208T112735Z"
                        custom matrix3d w2d:rotationMatrix = ( (0.13995052532488864, -0.08725362016735802, -0.9859933419459063), (-0.09904809702236884, -0.9918917593158246, 0.07375054714243329), (-0.9851223893596491, 0.08731522025636952, -0.1474009164864774) )
                        custom double w2d:timestampSec = 8.198358747135218
                        custom float3 w2d:translation = (0.537741, -0.30556223, 0.429223)
                    }

                    def Scope "f_000042"
                    {
                        custom int w2d:frameIndex = 42
                        custom string w2d:poseConvention = "world_to_camera"
                        custom string w2d:producedByRunId = "20260208T112735Z"
                        custom matrix3d w2d:rotationMatrix = ( (0.13582041538889988, -0.08202300855221373, -0.98683543869547), (-0.0977340104149906, -0.9925427432410288, 0.06904401088608514), (-0.9858224593454818, 0.08709296104788238, -0.14264849515632533) )
                        custom double w2d:timestampSec = 8.39831871657754
                        custom float3 w2d:translation = (0.5278975, -0.31276342, 0.4257294)
                    }

                    def Scope "f_000043"
                    {
                        custom int w2d:frameIndex = 43
                        custom string w2d:poseConvention = "world_to_camera"
                        custom string w2d:producedByRunId = "20260208T112735Z"
                        custom matrix3d w2d:rotationMatrix = ( (0.12447032051922757, -0.07462128205641219, -0.9890385675408147), (-0.09515378152754891, -0.9932676865636739, 0.06294733261796079), (-0.9876747576401947, 0.0862682321558057, -0.1306778056492519) )
                        custom double w2d:timestampSec = 8.598278686019862
                        custom float3 w2d:translation = (0.49153706, -0.31294775, 0.41911265)
                    }

                    def Scope "f_000044"
                    {
                        custom int w2d:frameIndex = 44
                        custom string w2d:poseConvention = "world_to_camera"
                        custom string w2d:producedByRunId = "20260208T112735Z"
                        custom matrix3d w2d:rotationMatrix = ( (0.1003310347986476, -0.06802881969144522, -0.9926256509755038), (-0.090430013959245, -0.9941539343264615, 0.05899322089608161), (-0.9908360401155136, 0.0838442965130394, -0.10589636034290831) )
                        custom double w2d:timestampSec = 8.798238655462185
                        custom float3 w2d:translation = (0.4314341, -0.3007416, 0.40076503)
                    }

                    def Scope "f_000045"
                    {
                        custom int w2d:frameIndex = 45
                        custom string w2d:poseConvention = "world_to_camera"
                        custom string w2d:producedByRunId = "20260208T112735Z"
                        custom matrix3d w2d:rotationMatrix = ( (0.050514128087791016, -0.06375512306024127, -0.9965215560337859), (-0.07561052143899971, -0.995204357715133, 0.0598066469862569), (-0.9956625238075447, 0.07232547883061595, -0.055276559997287006) )
                        custom double w2d:timestampSec = 8.998198624904507
                        custom float3 w2d:translation = (0.34891322, -0.27361646, 0.37874007)
                    }

                    def Scope "f_000046"
                    {
                        custom int w2d:frameIndex = 46
                        custom string w2d:poseConvention = "world_to_camera"
                        custom string w2d:producedByRunId = "20260208T112735Z"
                        custom matrix3d w2d:rotationMatrix = ( (-0.008226135606562926, -0.06711348321159381, -0.9972526026597404), (-0.054739826913792554, -0.996012256233947, 0.06745789142915014), (-0.9984592520446302, 0.05512534397900743, 0.004685567795819363) )
                        custom double w2d:timestampSec = 9.19815859434683
                        custom float3 w2d:translation = (0.26734877, -0.23898074, 0.3541581)
                    }

                    def Scope "f_000047"
                    {
                        custom int w2d:frameIndex = 47
                        custom string w2d:poseConvention = "world_to_camera"
                        custom string w2d:producedByRunId = "20260208T112735Z"
                        custom matrix3d w2d:rotationMatrix = ( (-0.09545713849307084, -0.0913742606034527, -0.9908727589831713), (-0.10508767098169093, -0.9894782480481065, 0.10116808850389011), (-0.9900210118508447, 0.11477149064115712, 0.08498409870414322) )
                        custom double w2d:timestampSec = 9.398118563789152
                        custom float3 w2d:translation = (0.19487438, -0.226047, 0.33572122)
                    }

                    def Scope "f_000048"
                    {
                        custom int w2d:frameIndex = 48
                        custom string w2d:poseConvention = "world_to_camera"
                        custom string w2d:producedByRunId = "20260208T112735Z"
                        custom matrix3d w2d:rotationMatrix = ( (-0.11991852040405222, -0.0792402501931419, -0.9890103401600382), (-0.10123150904836309, -0.9908589929472754, 0.09128910320746758), (-0.9878992973478845, 0.11225282805664669, 0.11090399092577559) )
                        custom double w2d:timestampSec = 9.598078533231474
                        custom float3 w2d:translation = (0.10573297, -0.23258992, 0.32356894)
                    }

                    def Scope "f_000049"
                    {
                        custom int w2d:frameIndex = 49
                        custom string w2d:poseConvention = "world_to_camera"
                        custom string w2d:producedByRunId = "20260208T112735Z"
                        custom matrix3d w2d:rotationMatrix = ( (-0.0662352567398886, -0.07260933736785921, -0.9947989681999821), (-0.1269973797004174, -0.9886166941275331, 0.08031841174560883), (-0.9903251794789527, 0.13277446049171918, 0.056341503514605484) )
                        custom double w2d:timestampSec = 9.798038502673798
                        custom float3 w2d:translation = (-0.0036868108, -0.24045897, 0.28266272)
                    }

                    def Scope "f_000050"
                    {
                        custom int w2d:frameIndex = 50
                        custom string w2d:poseConvention = "world_to_camera"
                        custom string w2d:producedByRunId = "20260208T112735Z"
                        custom matrix3d w2d:rotationMatrix = ( (0.06895000159311594, -0.0964246673256532, -0.9926205341855678), (-0.1894227708851071, -0.9786497184028264, 0.08162780946780482), (-0.9794425305086895, 0.18311365045598543, -0.08560139438091065) )
                        custom double w2d:timestampSec = 9.99799847211612
                        custom float3 w2d:translation = (-0.13302197, -0.2328935, 0.19006206)
                    }

                    def Scope "f_000051"
                    {
                        custom int w2d:frameIndex = 51
                        custom string w2d:poseConvention = "world_to_camera"
                        custom string w2d:producedByRunId = "20260208T112735Z"
                        custom matrix3d w2d:rotationMatrix = ( (0.24026888273594565, -0.11942792345950318, -0.9628165385462815), (-0.2634693233409399, -0.9635033527507709, 0.05351428049816578), (-0.9342261851373664, 0.24150104197049596, -0.2629081394818365) )
                        custom double w2d:timestampSec = 10.197958441558441
                        custom float3 w2d:translation = (-0.22453475, -0.2214911, 0.08033785)
                    }

                    def Scope "f_000052"
                    {
                        custom int w2d:frameIndex = 52
                        custom string w2d:poseConvention = "world_to_camera"
                        custom string w2d:producedByRunId = "20260208T112735Z"
                        custom matrix3d w2d:rotationMatrix = ( (0.40420681248868306, -0.1775694114125566, -0.8970852289272487), (-0.4507019931233882, -0.8922871728322144, -0.026645110434108606), (-0.7962904225936595, 0.41530363409233756, -0.4408730496393293) )
                        custom double w2d:timestampSec = 10.397918411000765
                        custom float3 w2d:translation = (0.33513755, -0.2524642, 0.44731024)
                    }

                    def Scope "f_000053"
                    {
                        custom int w2d:frameIndex = 53
                        custom string w2d:poseConvention = "world_to_camera"
                        custom string w2d:producedByRunId = "20260208T112735Z"
                        custom matrix3d w2d:rotationMatrix = ( (0.5164465863977461, -0.17203821958459264, -0.838515665670649), (-0.47771055439785737, -0.8709525788654812, -0.11576811078731199), (-0.7106781562432269, 0.4608966095298278, -0.5320865728228358) )
                        custom double w2d:timestampSec = 10.597878380443086
                        custom float3 w2d:translation = (0.255666, -0.2798418, 0.2509717)
                    }

                    def Scope "f_000054"
                    {
                        custom int w2d:frameIndex = 54
                        custom string w2d:poseConvention = "world_to_camera"
                        custom string w2d:producedByRunId = "20260208T112735Z"
